4.571848106505175
0.44075523070876077
15.470247929240209
11.80531386399253
2.872427111784147
1.4548753631223512
4.946601173794454
14.653983288948803
2.2449522014276684
24.302391314910555
22.009720302074147
21.602183911973732
16.32164065830803
4.002034285546134
7.909400309916389
15.865399503608211
1.2864657095065932
4.928790443689944
17.797217481051035
6.141080380768961
11.413940111470051
17.1514433657151
17.959720890584613
3.4181842406139267
8.534436480611694
19.60468119150044
1.0314119048448338
1.1774026417214842
0.04988147730008741
5.279149211199921