38.06727534781668
21.496161612290216
43.60762170734687
95.87441244799373
19.718834072962007
19.7191254405426
100.84692716192562
48.56987665510733
15.955208270219593
39.67083566883924
16.04241796551752
16.009070732388892
30.267614272078273
4.350801323334613
5.15458294570828
14.676586725605695
9.784155115812567
32.30218451303544
10.751987192639854
6.82941439224781
91.04884790103605
19.868063436746954
25.870094389703585
6.753351451496825
14.915005825040513
26.900438600531043
8.640133558950701
34.13900175188797
14.178651809240897
18.72365852110576
14.165030827316091
128.94199172113503
24.050715781280882
9.396830245923672
51.03964488761703
8.11369176173171
29.379275067638467
4.172891284280387
7.3665156274171295
29.063624436016386
47.319959469213174
28.40439008445579
21.938186768858653
18.56575833872548
6.434296231016175
12.73625273481514
16.082590744501697
63.037025756968745
33.167441638224034
4.980728277279208
32.58942447201384
17.214261688984333
13.23788057546196
42.2169129073081
61.57228379135718
56.28704306923593
11.438861819367938
18.43076210806337
32.800683344657216
58.57470071793547
15.816527640989765
20.598519032623912
8.994477554814665
8.295608670223542
50.581479967232525
82.51072511640768
22.81693791508936
60.06887789262055
33.709668089109094
13.62224994725886
33.70237486160069
97.17807988114288
23.572218240340916
99.53322925974899
2.303757917785298
51.01014398058605
26.32856896375219
18.600819616828034
26.440500896978577
4.069419000105418
19.97751840464404
33.57271135552741
92.05782395440413
15.269678492185173
11.759577535634229
15.498309002523774
55.48840980049301
32.726601845688684
15.112588578509031
38.63864534576974
26.567324408984696
58.21207177642792
12.941827089095005
18.127249958002007
17.10575442137112
6.521789537819368
31.77947083047713
30.792218302779457
24.456948592733493
19.711137681934545